0220:0333,0204,0333,0204,
0221:0333,0220,0333,
0222:0333,0333,0333,0333,
0223:0330,0330,0330,0220,0220,0220,0220,0220,0220,0220,0220,0220,0220,0220,0220,0220,0220,0220,0333,0333,0331,0337,0337,0337,0337,0337,0332,0336,0336,0336,0336,0336,0333,0333,0220,0220,0220,0220,0220,0220,0220,0220,0220,0220,0220,0220,0220,0333,0333,0333,0333,0333,0331,0337,0337,0337,0337,0337,0332,0336,0336,0336,0336,0336,0221,0221,0221,0221,0221,0221,0221,0333,0333,0337,0337,0337,0337,0337,0332,0336,0336,0336,0336,0333,0336,0331,
0224:0304,0313,0334,0336,0336,0336,0336,0362,0203,0335,0337,0337,0337,0337,0203,0336,0336,0336,0336,0334,0310,0350,0203,0203,0335,0335,0335,0337,0203,0203,0203,0335,0335,0203,0203,0203,0335,0335,0335,0336,0203,0203,0334,0334,0313,0304,0337,0337,0337,0337,0203,0335,0336,0336,0336,0336,0203,0363,0335,0337,0337,0337,0337,
0225:0333,0336,0336,0333,0330,0337,0337,0334,0322,0224,0335,0336,0330,0332,0141,0336,0331,0332,0337,0365,0333,0336,0333,0331,0336,0331,0331,0320,0333,0337,0337,0337,
0226:0333,0336,0336,0336,0333,0337,0330,0337,0337,0334,0322,0330,0335,0335,0224,0334,0334,0331,0335,0336,0330,0332,0163,0336,0331,0332,0337,0365,0333,0336,0333,0331,0336,0331,0331,0320,0333,0333,0337,0337,0337,
0227:0336,0336,0333,0337,0337,0326,0224,0336,0330,0336,0333,0331,0144,0337,0365,0333,0331,0336,0330,0337,0337,0320,
0230:0336,0336,0330,0333,0337,0337,0326,0335,0335,0331,0224,0335,0335,0331,0336,0330,0336,0333,0331,0146,0337,0365,0333,0331,0336,0337,0337,0320,
0231:0336,0336,0330,0333,0333,0333,0337,0330,0333,0335,0335,0350,0306,0335,0325,0337,0224,0306,0350,0335,0335,0335,0335,0304,0336,0332,0336,0332,0337,0147,0365,0320,0331,0331,0336,0330,0333,0333,0333,0333,0337,0337,
0232:0336,0336,0330,0333,0333,0333,0337,0330,0333,0335,0335,0350,0306,0335,0325,0337,0335,0335,0335,0331,0224,0306,0350,0335,0335,0335,0335,0304,0336,0332,0336,0335,0335,0332,0330,0330,0337,0150,0365,0320,0331,0331,0336,0330,0333,0333,0333,0333,0337,0337,
0233:0336,0336,0333,0330,0337,0333,0152,0365,0330,0332,0336,0362,0203,0335,0203,0203,0203,0203,0203,0335,0203,0335,0203,0203,0203,0203,0203,0363,0335,0333,0333,0333,0333,0333,0331,0331,0331,0333,0337,0337,
0234:0153,0336,0336,0333,0337,0365,0330,0336,0362,0203,0335,0203,0203,0334,0203,0203,0335,0203,0335,0203,0203,0334,0203,0203,0335,0203,0335,0203,0203,0334,0203,0203,0335,0203,0335,0203,0203,0334,0203,0203,0363,0335,0333,0333,0333,0333,0333,0331,0331,0333,0337,0337,
0235:0336,0330,0330,0333,0333,0337,0321,0341,0336,0331,0332,0337,061,0365,0320,0333,0336,0333,0331,0337,
0236:0321,0336,0330,0333,0341,0333,0341,0336,0320,0332,0332,062,0336,0331,0333,0336,0336,0331,0332,0331,0337,0337,0337,0337,0365,0333,0333,0331,0336,0330,0336,0336,0331,0332,0337,0337,0337,0337,
0237:0321,0336,0330,0333,0341,0333,0341,0334,0306,0333,0341,0304,0335,0320,0336,0336,0332,0330,0337,0337,063,0210,0210,0365,0211,0211,0336,0336,0331,0333,0337,0337,0306,0335,0335,0350,0335,0330,0335,0304,0335,0335,0331,0333,0337,
0240:0321,0336,0330,0333,0341,0330,0341,0333,0341,0331,0341,0320,064,0336,0330,0330,0332,0336,0332,0337,0365,0333,0333,0331,0331,0331,0331,0333,0333,0336,0332,0337,0337,0337,
0241:0330,0336,0336,0333,0331,0337,0337,0321,0335,0305,0362,0203,0335,0335,0203,0335,0335,0203,0335,0335,0203,0335,0335,0203,0354,0335,0335,0304,0334,0336,0333,0336,0333,0337,065,0336,0336,0336,0330,0332,0332,0337,0337,0337,0365,0336,0336,0336,0331,0333,0333,0337,0337,0337,0336,0333,0337,0337,0320,0331,0336,0336,0330,0333,0337,0337,
0242:0336,0336,0333,0337,0337,0330,0335,0321,0306,0362,0203,0335,0335,0203,0335,0335,0203,0354,0335,0314,0336,0333,0330,0335,0335,0337,0362,0203,0335,0335,0203,0335,0335,0203,0354,0336,0331,0335,0331,0304,0334,0337,0313,0336,0336,0320,0331,0333,0336,0331,0337,066,0333,0336,0332,0332,0336,0333,0337,0331,0337,0337,0365,0333,0336,0333,0336,0331,0333,0333,0331,0331,0331,0336,0332,0337,0337,0337,0337,
0243:0336,0336,0333,0331,0331,0337,0337,0321,0330,0335,0307,0362,0203,0335,0335,0335,0203,0335,0335,0335,0203,0335,0335,0335,0203,0335,0335,0335,0203,0335,0335,0335,0203,0335,0335,0335,0203,0354,0335,0335,0335,0304,0334,0320,0336,0330,0333,0336,0332,0331,0333,0336,0332,0337,0337,067,0365,0333,0336,0331,0333,0337,0337,0336,0331,0336,0336,0333,0337,0337,0337,
0244:0336,0336,0330,0333,0337,0337,0321,0333,0200,0336,0330,0332,0350,0335,0304,0331,0333,0337,0200,0336,0330,0332,0350,0334,0304,0336,0320,0331,0332,0337,070,0365,0333,0331,0333,0337,
0245:0336,0330,0333,0325,0347,0321,0341,0320,0336,0331,0330,0332,0336,0331,0333,0337,0107,0337,0365,0333,0336,0333,0331,0331,0336,0330,0332,0337,0337,0337,
0246:0325,0336,0347,0337,0321,
01220:0333,0200,0336,0330,0332,0332,0220,0331,0337,
01221:0333,0200,0332,0336,0330,0336,0336,0221,0221,0331,0331,0331,0331,0337,0337,0337,
01222:0333,0200,0336,0330,0332,0332,0336,0321,0336,0330,0335,0335,0332,0362,0203,0334,0203,0203,0203,0203,0203,0203,0334,0203,0364,0331,0331,0331,0331,0331,0333,0337,0337,0337,0320,
01223:0333,0200,0330,0332,0336,0336,0336,0336,0223,0337,0337,0337,0337,0333,0331,
01224:0333,0200,0336,0332,0337,0224,0336,0333,0337,
01225:0333,0200,0332,0336,0330,0336,0331,0333,0337,0225,0336,0332,0336,0336,0333,0337,0337,0337,0336,0333,0331,0337,0337,
01226:0333,0200,0332,0336,0330,0336,0331,0337,0226,0336,0333,0331,0336,0336,0333,0337,0337,0337,0337,
01227:0333,0200,0332,0227,
01230:0333,0200,0332,0230,
01231:0333,0200,0332,0231,0336,0332,0337,
01232:0333,0200,0332,0336,0332,0337,0232,0336,0336,0336,0332,0337,0337,0337,
01233:0333,0200,0336,0332,0332,0233,0336,0336,0333,0337,0337,0337,
01234:0333,0200,0332,0336,0336,0333,0337,0336,0332,0337,0234,0336,0336,0333,0337,0337,0337,
01235:0333,0200,0336,0332,0332,0235,
01236:0333,0200,0332,0336,0336,0330,0337,0236,0336,0333,0331,0337,0337,
01237:0333,0200,0336,0332,0332,0237,0336,0333,0337,0337,
01240:0333,0200,0336,0332,0332,0240,0336,0333,0337,0337,
01241:0333,0200,0332,0336,0336,0332,0337,0337,0241,0336,0332,0336,0333,0337,0337,
01242:0333,0200,0336,0332,0332,0332,0336,0333,0337,0337,0242,0336,0336,0332,0337,0337,
01243:0333,0200,0332,0336,0332,0336,0333,0337,0337,0243,0336,0336,0332,0337,0337,
01244:0333,0200,0336,0332,0332,0244,0336,0333,0337,0337,
01245:0333,0200,0332,0245,
01246:0333,0200,
01247:0333,0200,
