0220:0334,0336,0336,0336,0336,0362,0203,0335,0337,0337,0337,0337,0203,0334,0336,0336,0336,0203,0335,0350,0310,0337,0335,0203,0336,0336,0203,0335,0335,0203,0337,0337,0203,0335,0335,0335,0336,0203,0334,0334,0304,0313,0337,0337,0337,0203,0335,0336,0336,0336,0336,0203,0363,0335,0337,0337,0337,0337,
0221:0336,0333,0325,0220,0320,0333,0337,0200,
0222:0336,0330,0333,0330,0335,0335,0325,0220,0335,0335,0331,0320,0333,0331,0337,0200,
0223:0336,0333,0330,0336,0332,0337,0322,0335,0220,0334,0336,0333,0337,0320,0333,0331,0337,0200,
0224:0336,0330,0333,0334,0336,0331,0337,0322,0220,0335,0336,0332,0337,0320,0333,0331,0337,0200,
0225:0336,0330,0333,0336,0332,0337,0306,0335,0304,0326,0220,0306,0334,0304,0320,0336,0333,0337,0331,0333,0337,0200,
0226:0336,0333,0330,0336,0333,0330,0337,0326,0335,0335,0306,0335,0304,0220,0306,0334,0304,0335,0335,0336,0331,0332,0337,0331,0333,0337,0320,0200,
0227:0334,0336,0332,0336,0336,0362,0203,0335,0337,0337,0337,0203,0335,0336,0336,0203,0335,0337,0337,0203,0335,0336,0336,0336,0203,0363,0335,0337,0337,0330,0337,
0230:0336,0330,0333,0335,0227,0334,0333,0331,0337,0200,
0231:0336,0330,0333,0227,0335,0227,0334,0333,0331,0337,0200,
0235:0336,0333,0336,0336,0347,0337,0337,0331,0336,0331,0332,0337,061,0365,0333,0337,0336,0330,0336,0330,0333,0337,0337,
0236:0336,0333,0336,0332,0336,0347,0337,0337,0333,0336,0332,0331,0331,0337,0336,0336,0331,0332,0331,0332,0337,0337,062,0365,0330,0336,0333,0337,0336,0336,0330,0333,0330,0333,0347,0337,0333,0337,0337,
0237:0336,0333,0336,0332,0336,0347,0337,0337,0333,0336,0332,0331,0331,0337,0336,0336,0331,0332,0331,0332,0337,0337,063,0365,0330,0336,0333,0337,0336,0336,0330,0333,0330,0333,0347,0337,0334,0337,0306,0333,0336,0336,0347,0337,0337,0335,0331,0334,0304,0335,0336,0333,0337,0337,
0240:0336,0333,0336,0332,0336,0347,0337,0337,0333,0336,0332,0331,0331,0337,0336,0336,0331,0332,0331,0332,0337,0337,064,0365,0330,0336,0333,0337,0336,0336,0330,0333,0330,0333,0347,0337,0333,0337,0337,0336,0332,0336,0330,0332,0336,0330,0330,0347,0333,0333,0333,0333,0347,0331,0331,0331,0331,0333,0333,0337,0337,0337,
0241:0336,0330,0336,0333,0337,0337,0335,0305,0362,0203,0335,0335,0203,0335,0335,0203,0335,0335,0203,0335,0335,0203,0363,0335,0335,0304,0334,0336,0331,0331,0336,0333,0331,0337,065,0365,0330,0333,0336,0330,0333,0333,0337,0337,
0242:0336,0336,0333,0337,0337,0330,0335,0306,0362,0203,0335,0335,0203,0335,0335,0203,0363,0335,0335,0314,0336,0330,0334,0330,0335,0335,0337,0362,0203,0335,0335,0203,0335,0335,0203,0363,0336,0331,0335,0331,0337,0304,0313,0334,0336,0331,0331,0331,0336,0333,066,0337,0365,0330,0333,0333,0337,
0243:0336,0330,0336,0333,0337,0333,0333,0337,0335,0335,0335,0307,0350,0362,0203,0335,0335,0335,0335,0335,0335,0203,0335,0335,0335,0335,0335,0335,0203,0335,0335,0335,0335,0335,0335,0203,0335,0335,0335,0335,0335,0335,0203,0335,0335,0335,0335,0335,0335,0203,0335,0335,0335,0335,0335,0335,0203,0363,0334,0304,0334,0336,0331,0336,0333,0337,0337,0336,0331,0332,0332,0336,0332,0333,0337,067,0365,0333,0330,0333,0337,
0244:0336,0336,0330,0333,0337,0333,0333,0337,0204,0336,0332,0330,0350,0335,0304,0331,0333,0337,0204,0336,0330,0332,0350,0334,0304,0337,0331,0336,0336,0336,0332,0330,0330,0337,0337,0331,070,0365,0330,0333,0333,0337,
0246:0325,0336,0347,0337,0321,
0250:0333,0316,0336,0313,0336,0332,0332,0337,0362,0203,0203,0203,0203,0203,0334,0203,0203,0203,0334,0203,0203,0203,0203,0203,0334,0203,0203,0363,0334,0333,0336,0333,0333,0337,0316,0337,0313,
0251:0333,0316,0336,0332,0332,0332,0313,0336,0332,0337,0362,0203,0203,0203,0203,0203,0335,0203,0203,0335,0203,0203,0203,0203,0203,0335,0203,0203,0363,0335,0333,0333,0333,0333,0336,0332,0316,0337,0313,0337,
0252:0333,0333,0204,0333,0204,0333,0204,0333,0204,0333,0204,0333,0204,0333,0204,0333,
0253:0330,0330,0333,0252,0330,0204,0332,0204,0332,0204,0332,0204,0332,0204,0332,0204,0332,0204,0332,0204,0332,0204,0331,0331,0250,0250,0250,0250,0250,0250,0250,0331,0332,0332,0332,0332,0332,0332,0332,
01220:0333,0200,0336,0332,0220,0333,0337,
01221:0221,
01222:0222,
01223:0223,
01224:0224,
01225:0225,
01226:0226,
01227:0333,0200,0336,0330,0332,0227,0350,0335,0313,0304,0350,0334,0304,0331,0333,0337,
01230:0230,
01231:0231,
01250:0250,0200,
01251:0251,0200,
01252:0333,0200,0332,0336,0330,0336,0330,0330,0332,0336,0333,0333,0252,0200,0332,0332,0332,0332,0332,0332,0332,0332,0200,0332,0337,0337,0337,0333,0331,
01253:0333,0200,0336,0336,0332,0332,0332,0332,0336,0332,0332,0330,0330,0330,0330,0333,0330,0253,0331,0333,0333,0333,0331,0333,0333,0331,0333,0331,0333,0331,0337,0337,0337,
