0220:0304,0335,0322,0306,0362,0203,0334,0334,0203,0334,0334,0203,0363,0320,0334,0334,0362,0203,0334,0334,0203,0334,0334,0203,0354,0335,0304,0335,
0221:0333,0326,0204,0321,0350,0334,0310,0336,0362,0203,0334,0334,0203,0334,0334,0334,0337,0203,0363,0320,0334,0334,0304,0313,0200,0332,0350,0335,0310,0336,0362,0203,0335,0335,0203,0364,0334,0337,0331,0304,0334,0313,
0222:0336,0330,0340,0336,0336,0330,0337,0342,0331,0335,0335,0342,0335,0336,0330,0333,0337,0342,0331,0335,0335,0342,0334,0331,0331,0336,0332,0337,0337,0337,
0223:0336,0330,0336,0341,0350,0335,0337,0342,0335,0335,0335,0335,0342,0335,0335,0335,0304,0331,0337,0336,0332,0336,0330,0335,0335,0362,0203,0334,0337,0337,0203,0334,0336,0336,0203,0364,0331,0332,0332,0337,0337,
0224:0336,0336,0334,0336,0331,0337,0362,0203,0335,0203,0336,0203,0334,0203,0335,0350,0335,0310,0337,0203,0203,0335,0335,0203,0203,0335,0335,0335,0336,0203,0334,0334,0304,0313,0203,0337,0203,0335,0363,0336,0330,0337,0337,0337,0335,
0225:0336,0336,0333,0337,0321,0204,0320,0200,0336,0330,0332,0336,0335,0342,0335,0335,0342,0335,0331,0331,0337,0337,0337,
0226:0336,0336,0333,0337,0321,0204,0320,0200,0336,0330,0332,0336,0342,0335,0342,0335,0342,0335,0342,0335,0337,0331,0337,0337,
0227:0336,0336,0336,0347,0337,0337,0337,
0230:0336,0336,0330,0330,0332,0337,0337,0227,0336,0333,0337,0227,0336,0336,0332,0337,0331,0337,
0231:0336,0336,0330,0332,0337,0337,0335,0227,0336,0330,0337,0227,0335,0335,0306,0336,0333,0335,0337,0227,0336,0331,0334,0304,0335,0336,0332,0337,0336,0331,0337,0337,
0232:0336,0336,0330,0332,0337,0337,0227,0336,0333,0337,0227,0336,0330,0337,0227,0336,0332,0337,0227,0331,0336,0336,0330,0333,0337,0337,
0233:0362,0203,0335,0203,0364,0335,0335,0336,0336,0306,0350,0335,0362,0203,0334,0334,0334,0334,0203,0334,0334,0334,0334,0203,0363,0335,0304,0335,0335,0335,0337,0337,0331,0336,0332,0332,0336,0330,0333,0336,0331,0331,0332,0337,0337,064,0365,0330,0333,0336,0336,0332,0331,0337,
0234:0365,0333,0333,0331,0331,0336,0330,0337,0337,0337,
0235:0330,0335,0362,0203,0335,0203,0364,0335,0335,0336,0336,0306,0350,0335,0362,0203,0334,0334,0334,0334,0203,0334,0334,0334,0334,0203,0363,0335,0304,0335,0335,0337,0337,0336,0330,0332,0337,0227,0336,0333,0331,0337,
0236:0336,0336,0333,0337,0337,0333,0200,0332,0335,0336,0336,0306,0350,0334,0362,0203,0335,0335,0335,0335,0203,0335,0335,0335,0335,0203,0363,0335,0335,0304,0337,0330,0336,0332,0331,0337,0220,0330,0333,0335,0332,0221,0334,0333,0331,0332,0336,0331,0332,0337,0337,0333,0336,0336,0333,0337,0337,0336,0331,0331,0332,0332,0336,0331,0333,0337,0164,0336,0330,0337,0365,0330,0333,0336,0333,0337,0337,
0237:0336,0336,0333,0337,0337,0362,0203,0335,0336,0203,0335,0337,0203,0334,0336,0203,0364,0335,0335,0336,0306,0350,0335,0362,0203,0334,0334,0334,0334,0203,0334,0334,0334,0334,0203,0363,0335,0304,0335,0335,0335,0330,0332,0332,0332,0332,0332,0330,0331,0337,0220,0330,0333,0336,0332,0336,0330,0333,0337,0335,0332,0221,0334,0333,0331,0331,0331,0331,0336,0330,0332,0337,0337,0337,0333,0336,0336,0333,0337,0337,0336,0331,0332,0332,0331,0336,0330,0332,0337,0171,0365,0330,0333,0336,0333,0337,0337,
0240:0336,0336,0362,0333,0345,0333,0333,0335,0335,0346,0335,0335,0333,0364,0335,0335,0335,0335,0337,0337,0332,
0241:0336,0330,0336,0333,0333,0333,0337,0325,0347,0320,0341,0336,0332,0337,0240,0336,0333,0337,0337,0336,0333,0336,0333,0337,0337,0165,0331,0332,0336,0365,0330,0333,0333,0330,0337,0336,0331,0337,
0242:0330,0336,0333,0336,0333,0331,0337,0337,0322,0336,0330,0335,0336,0331,0337,0350,0362,0203,0335,0203,0335,0203,0335,0203,0335,0203,0335,0203,0335,0203,0335,0203,0335,0363,0320,0362,0203,0335,0203,0335,0203,0335,0203,0335,0203,0335,0203,0335,0203,0335,0203,0354,0335,0336,0330,0304,0334,0331,0331,0337,0336,0332,0336,0331,0337,0337,0240,0336,0333,0337,0337,0336,0336,0336,0330,0337,0337,0337,0336,0331,0331,0336,0330,0333,0333,0333,0337,0151,0331,0332,0332,0336,0333,0337,0365,0330,0333,0333,0336,0332,0337,0337,
0243:0336,0336,0333,0337,0333,0330,0341,0342,0335,0342,0335,0342,0335,0342,0335,0337,0331,0336,0101,0365,0337,0330,0336,0333,0331,0336,0333,0337,0337,
0244:0336,0333,0330,0336,0333,0337,0341,0333,0341,0340,0332,0340,0336,0333,0337,0337,0331,0336,0123,0365,0337,0330,0333,0336,0331,0337,
0245:0336,0333,0333,0330,0330,0340,0341,0306,0335,0350,0335,0335,0335,0330,0340,0341,0335,0335,0335,0335,0330,0340,0341,0335,0335,0335,0335,0362,0203,0335,0335,0335,0335,0203,0335,0335,0335,0335,0203,0354,0335,0335,0335,0335,0330,0334,0331,0304,0337,0336,0331,0331,0104,0365,0330,0330,0337,0333,0336,0331,0337,
0246:0336,0333,0333,0330,0336,0332,0337,0341,0340,0333,0340,0341,0330,0340,0341,0332,0340,0341,0331,0336,0333,0337,0337,0106,0336,0331,0331,0365,0330,0330,0337,0333,0336,0331,0337,
0247:0336,0336,0333,0342,0335,0335,0342,0334,0337,0337,0201,0334,0336,0336,0342,0335,0335,0342,0334,0334,0333,0337,0337,0167,0336,0331,0332,0332,0336,0331,0336,0330,0330,0337,0337,0365,0336,0336,0331,0331,0337,0337,0330,0333,0333,0336,0330,0337,0337,
0250:0336,0333,0337,0336,0336,0333,0330,0330,0330,0342,0331,0331,0342,0330,0336,0330,0332,0337,0334,0342,0331,0335,0335,0342,0334,0331,0331,0336,0331,0332,0337,0337,0331,0336,0336,0332,0337,0337,0161,0365,0330,0333,0333,0336,0336,0332,0337,0337,0337,
0251:0336,0336,0333,0342,0335,0335,0342,0334,0337,0337,0201,0334,0336,0336,0342,0335,0335,0342,0335,0335,0330,0332,0332,0332,0333,0337,0337,0225,0336,0331,0331,0145,0336,0336,0330,0330,0332,0337,0337,0365,0336,0336,0333,0331,0331,0337,0337,0330,0333,0336,0330,0333,0337,0337,
0252:0336,0336,0333,0342,0335,0335,0342,0334,0337,0337,0201,0334,0336,0336,0342,0335,0335,0342,0335,0335,0330,0332,0332,0332,0333,0337,0337,0226,0336,0331,0331,0162,0336,0336,0330,0330,0332,0337,0337,0365,0336,0336,0331,0331,0333,0337,0337,0330,0333,0336,0330,0333,0337,0337,
0253:0336,0333,0336,0333,0330,0330,0330,0330,0335,0312,0337,0362,0203,0306,0335,0335,0203,0203,0335,0335,0203,0203,0335,0335,0203,0354,0304,0334,0336,0331,0306,0351,0352,0335,0304,0330,0335,0306,0362,0337,0203,0335,0335,0203,0203,0335,0335,0203,0203,0335,0335,0203,0354,0304,0334,0336,0331,0306,0351,0352,0335,0330,0304,0335,0306,0337,0362,0203,0335,0335,0203,0203,0335,0335,0203,0203,0335,0335,0203,0354,0336,0304,0334,0331,0306,0351,0352,0334,0334,0304,0313,0331,0331,0331,0337,0337,0336,0333,0336,0333,0337,0337,0336,0332,0332,0331,0106,0365,0330,0333,0333,0337,
0254:0336,0333,0336,0333,0330,0337,0330,0332,0335,0337,0305,0362,0203,0335,0335,0203,0335,0335,0203,0335,0335,0203,0335,0335,0203,0354,0335,0335,0304,0334,0336,0333,0337,0331,0336,0336,0336,0330,0330,0337,0337,0337,0336,0333,0336,0333,0337,0337,0336,0331,0332,0332,0101,0365,0330,0333,0333,0337,
0255:0336,0333,0336,0333,0330,0330,0330,0330,0335,0312,0337,0362,0203,0306,0335,0335,0203,0203,0335,0335,0203,0203,0335,0335,0203,0354,0304,0334,0336,0337,0333,0334,0313,0337,0314,0336,0330,0306,0335,0331,0331,0337,0362,0203,0334,0334,0203,0334,0334,0203,0354,0336,0331,0313,0336,0331,0314,0337,0312,0336,0304,0332,0334,0331,0331,0331,0313,0333,0337,0333,0337,0336,0331,0332,0332,0123,0365,0330,0333,0333,0337,
0256:0336,0333,0330,0336,0331,0333,0211,0211,0333,0337,0200,0336,0330,0332,0350,0335,0304,0333,0331,0337,0200,0336,0330,0332,0350,0334,0304,0333,0331,0332,0210,0210,0331,0336,0332,0337,0337,0331,0104,0365,0330,0336,0336,0333,0337,0337,0333,0336,0333,0337,0337,
0257:0336,0336,0333,0337,0337,0220,0330,0336,0333,0337,0224,0331,0336,0331,0141,0336,0336,0332,0337,0337,0365,0336,0336,0333,0337,0337,0330,0333,0337,0336,0336,0333,0337,0337,
0260:0336,0336,0333,0337,0337,0220,0330,0336,0333,0337,0335,0335,0336,0331,0336,0336,0331,0337,0337,0337,0224,0335,0335,0336,0336,0336,0331,0337,0337,0337,0331,0331,0336,0336,0336,0332,0337,0337,0163,0365,0336,0336,0333,0337,0337,0330,0333,0336,0333,0337,0337,
0261:0336,0336,0333,0337,0337,0221,0330,0336,0333,0337,0224,0331,0336,0331,0336,0336,0332,0337,0337,0144,0365,0336,0336,0333,0337,0337,0330,0333,0336,0333,0337,0337,
0262:0336,0336,0333,0337,0337,0221,0330,0336,0333,0337,0335,0335,0331,0336,0330,0337,0310,0336,0313,0224,0310,0337,0313,0335,0335,0331,0331,0336,0336,0336,0332,0337,0337,0146,0365,0330,0333,0336,0336,0333,0337,0337,0336,0333,0337,0337,
0263:0336,0336,0333,0337,0337,0220,0336,0333,0337,0225,0336,0331,0336,0336,0332,0337,0337,0147,0365,0336,0336,0333,0337,0337,0330,0333,0336,0333,0337,0337,
0264:0336,0336,0333,0337,0337,0220,0336,0333,0337,0226,0336,0331,0336,0336,0332,0337,0337,0150,0365,0336,0336,0333,0337,0337,0330,0333,0336,0333,0337,0337,
0265:0336,0336,0333,0337,0337,0221,0336,0333,0336,0330,0337,0337,0225,0336,0331,0336,0331,0336,0332,0337,0337,0152,0365,0336,0336,0333,0337,0337,0330,0333,0336,0333,0337,0337,
0266:0336,0336,0333,0337,0337,0221,0336,0333,0337,0336,0336,0330,0337,0337,0226,0336,0336,0331,0337,0331,0336,0336,0332,0337,0337,0153,0365,050,0336,0336,0333,0337,0337,0330,0333,0336,0333,0337,0337,
0267:0336,0336,0333,0337,0337,0333,0200,0336,0336,0306,0350,0335,0362,0203,0334,0334,0334,0334,0203,0334,0334,0334,0334,0203,0363,0335,0304,0335,0335,0332,0332,0332,0332,0330,0332,0337,0220,0330,0335,0332,0330,0221,0334,0331,0331,0336,0331,0333,0337,0331,0336,0336,0332,0337,0337,0164,0365,0336,0336,0333,0337,0337,0330,0333,0336,0333,0337,0337,
0270:0336,0336,0333,0337,0337,0362,0203,0335,0336,0203,0335,0337,0203,0334,0336,0203,0364,0335,0335,0306,0350,0335,0336,0362,0203,0334,0334,0334,0334,0203,0334,0334,0334,0334,0203,0363,0335,0304,0335,0335,0335,0337,0332,0332,0330,0336,0332,0331,0337,0220,0330,0335,0332,0336,0330,0337,0221,0334,0331,0331,0336,0331,0333,0333,0337,0331,0336,0336,0332,0337,0337,0171,0365,0336,0336,0333,0337,0337,0330,0333,0336,0333,0337,0337,
0220:0304,0335,0322,0306,0362,0203,0334,0334,0203,0334,0334,0203,0363,0320,0334,0334,0362,0203,0334,0334,0203,0334,0334,0203,0354,0335,0304,0335,
0221:0333,0326,0204,0321,0350,0334,0310,0336,0362,0203,0334,0334,0203,0334,0334,0334,0337,0203,0363,0320,0334,0334,0304,0313,0200,0332,0350,0335,0310,0336,0362,0203,0335,0335,0203,0364,0334,0337,0331,0304,0334,0313,
0222:0336,0330,0340,0336,0336,0330,0337,0342,0331,0335,0335,0342,0335,0336,0330,0333,0337,0342,0331,0335,0335,0342,0334,0331,0331,0336,0332,0337,0337,0337,
0223:0336,0330,0336,0341,0350,0335,0337,0342,0335,0335,0335,0335,0342,0335,0335,0335,0304,0331,0337,0336,0332,0336,0330,0335,0335,0362,0203,0334,0337,0337,0203,0334,0336,0336,0203,0364,0331,0332,0332,0337,0337,
0224:0336,0336,0334,0336,0331,0337,0362,0203,0335,0203,0336,0203,0334,0203,0335,0350,0335,0310,0337,0203,0203,0335,0335,0203,0203,0335,0335,0335,0336,0203,0334,0334,0304,0313,0203,0337,0203,0335,0363,0336,0330,0337,0337,0337,0335,
0225:0336,0336,0333,0337,0321,0204,0320,0200,0336,0330,0332,0336,0335,0342,0335,0335,0342,0335,0331,0331,0337,0337,0337,
0226:0336,0336,0333,0337,0321,0204,0320,0200,0336,0330,0332,0336,0342,0335,0342,0335,0342,0335,0342,0335,0337,0331,0337,0337,
0227:0336,0336,0336,0347,0337,0337,0337,
0230:0336,0336,0330,0330,0332,0337,0337,0227,0336,0333,0337,0227,0336,0336,0332,0337,0331,0337,
0231:0336,0336,0330,0332,0337,0337,0335,0227,0336,0330,0337,0227,0335,0335,0306,0336,0333,0335,0337,0227,0336,0331,0334,0304,0335,0336,0332,0337,0336,0331,0337,0337,
0232:0336,0336,0330,0332,0337,0337,0227,0336,0333,0337,0227,0336,0330,0337,0227,0336,0332,0337,0227,0331,0336,0336,0330,0333,0337,0337,
0233:0362,0203,0335,0203,0364,0335,0335,0336,0336,0306,0350,0335,0362,0203,0334,0334,0334,0334,0203,0334,0334,0334,0334,0203,0363,0335,0304,0335,0335,0335,0337,0337,0331,0336,0332,0332,0336,0330,0333,0336,0331,0331,0332,0337,0337,064,0365,0330,0333,0336,0336,0332,0331,0337,
0234:0365,0333,0333,0331,0331,0336,0330,0337,0337,0337,
0235:0330,0335,0362,0203,0335,0203,0364,0335,0335,0336,0336,0306,0350,0335,0362,0203,0334,0334,0334,0334,0203,0334,0334,0334,0334,0203,0363,0335,0304,0335,0335,0337,0337,0336,0330,0332,0337,0227,0336,0333,0331,0337,
0236:0336,0336,0333,0337,0337,0333,0200,0332,0335,0336,0336,0306,0350,0334,0362,0203,0335,0335,0335,0335,0203,0335,0335,0335,0335,0203,0363,0335,0335,0304,0337,0330,0336,0332,0331,0337,0220,0330,0333,0335,0332,0221,0334,0333,0331,0332,0336,0331,0332,0337,0337,0333,0336,0336,0333,0337,0337,0336,0331,0331,0332,0332,0336,0331,0333,0337,0164,0336,0330,0337,0365,0330,0333,0336,0333,0337,0337,
0237:0336,0336,0333,0337,0337,0362,0203,0335,0336,0203,0335,0337,0203,0334,0336,0203,0364,0335,0335,0336,0306,0350,0335,0362,0203,0334,0334,0334,0334,0203,0334,0334,0334,0334,0203,0363,0335,0304,0335,0335,0335,0330,0332,0332,0332,0332,0332,0330,0331,0337,0220,0330,0333,0336,0332,0336,0330,0333,0337,0335,0332,0221,0334,0333,0331,0331,0331,0331,0336,0330,0332,0337,0337,0337,0333,0336,0336,0333,0337,0337,0336,0331,0332,0332,0331,0336,0330,0332,0337,0171,0365,0330,0333,0336,0333,0337,0337,
0240:0336,0336,0362,0333,0345,0333,0333,0335,0335,0346,0335,0335,0333,0364,0335,0335,0335,0335,0337,0337,0332,
0241:0336,0330,0336,0333,0333,0333,0337,0325,0347,0320,0341,0336,0332,0337,0240,0336,0333,0337,0337,0336,0333,0336,0333,0337,0337,0165,0331,0332,0336,0365,0330,0333,0333,0330,0337,0336,0331,0337,
0242:0330,0336,0333,0336,0333,0331,0337,0337,0322,0336,0330,0335,0336,0331,0337,0350,0362,0203,0335,0203,0335,0203,0335,0203,0335,0203,0335,0203,0335,0203,0335,0203,0335,0363,0320,0362,0203,0335,0203,0335,0203,0335,0203,0335,0203,0335,0203,0335,0203,0335,0203,0354,0335,0336,0330,0304,0334,0331,0331,0337,0336,0332,0336,0331,0337,0337,0240,0336,0333,0337,0337,0336,0336,0336,0330,0337,0337,0337,0336,0331,0331,0336,0330,0333,0333,0333,0337,0151,0331,0332,0332,0336,0333,0337,0365,0330,0333,0333,0336,0332,0337,0337,
0243:0336,0336,0333,0337,0333,0330,0341,0342,0335,0342,0335,0342,0335,0342,0335,0337,0331,0336,0101,0365,0337,0330,0336,0333,0331,0336,0333,0337,0337,
0244:0336,0333,0330,0336,0333,0337,0341,0333,0341,0340,0332,0340,0336,0333,0337,0337,0331,0336,0123,0365,0337,0330,0333,0336,0331,0337,
0245:0336,0333,0333,0330,0330,0340,0341,0306,0335,0350,0335,0335,0335,0330,0340,0341,0335,0335,0335,0335,0330,0340,0341,0335,0335,0335,0335,0362,0203,0335,0335,0335,0335,0203,0335,0335,0335,0335,0203,0354,0335,0335,0335,0335,0330,0334,0331,0304,0337,0336,0331,0331,0104,0365,0330,0330,0337,0333,0336,0331,0337,
0246:0336,0333,0333,0330,0336,0332,0337,0341,0340,0333,0340,0341,0330,0340,0341,0332,0340,0341,0331,0336,0333,0337,0337,0106,0336,0331,0331,0365,0330,0330,0337,0333,0336,0331,0337,
0247:0336,0336,0333,0342,0335,0335,0342,0334,0337,0337,0201,0334,0336,0336,0342,0335,0335,0342,0334,0334,0333,0337,0337,0167,0336,0331,0332,0332,0336,0331,0336,0330,0330,0337,0337,0365,0336,0336,0331,0331,0337,0337,0330,0333,0333,0336,0330,0337,0337,
01220:0333,0200,0332,0336,0333,0337,0220,0336,0333,0337,
01221:0333,0200,0336,0332,0337,0210,0221,0211,0336,0333,0337,
01222:0333,0200,0332,0336,0330,0336,0222,0337,0333,0333,0331,0337,
01223:0333,0200,0336,0330,0332,0332,0330,0223,0333,0333,0331,0331,0337,
01224:0333,0200,0336,0332,0332,0336,0330,0224,0331,0337,0337,0333,
01225:0333,0200,0336,0330,0330,0332,0332,0225,0333,0333,0331,0331,0337,
01226:0333,0200,0336,0336,0330,0330,0332,0336,0330,0332,0332,0226,0337,0337,0333,0331,0336,0336,0331,0337,0337,0337,
01227:0333,0200,0336,0332,0337,0336,0332,0336,0330,0337,0227,0304,0313,0336,0331,0337,0337,0333,
01230:0230,0304,0333,0200,
01231:0333,0200,0332,0336,0330,0231,0333,0333,0331,0337,
01232:0333,0200,0336,0330,0332,0337,0232,0336,0333,0331,0337,
01233:0333,0200,0336,0332,0337,0233,0336,0333,0337,0331,
01234:0333,0200,0336,0330,0332,0234,0333,0331,0337,
01235:0333,0200,0336,0330,0332,0337,0235,0336,0333,0331,0337,
01240:0333,0200,0336,0332,0332,0333,0240,0334,0334,0304,0333,0337,
01241:0333,0200,0330,0336,0331,0332,0336,0241,0304,0337,0333,0331,0337,
01242:0333,0200,0336,0330,0332,0336,0241,0304,0333,0333,0331,0331,0337,0337,
01243:0333,0200,0336,0336,0330,0330,0332,0332,0243,0304,0337,0333,0331,0337,
01244:0333,0200,0336,0330,0332,0244,0333,0331,0337,
01245:0333,0200,0336,0330,0332,0245,0333,0331,0337,
01246:0333,0200,0336,0330,0332,0246,0333,0331,0337,