01040:0333,
01041:0333,0336,0336,0332,0332,0332,0330,0336,0331,0336,0341,0330,0330,0330,0337,0337,0337,0342,0336,0336,0336,0331,0331,0331,0331,0331,0337,0337,0333,0337,0337,
01042:0333,0330,0336,0332,0336,0332,0331,0342,0333,0342,0333,0330,0337,0337,0331,
01043:0333,0336,0336,0332,0332,0332,0333,0336,0332,0337,0337,0337,0342,0336,0336,0333,0337,0337,0342,0336,0336,0332,0332,0336,0332,0330,0330,0330,0335,0337,0337,0337,0342,0336,0336,0336,0332,0332,0337,0337,0337,0342,0336,0336,0336,0332,0332,0332,0337,0337,0337,0330,0334,0331,
01044:0333,0336,0330,0332,0336,0330,0350,0335,0335,0334,0350,0343,0334,0334,0343,0334,0334,0343,0334,0334,0343,0334,0334,0343,0334,0334,0330,0330,0343,0335,0335,0343,0335,0335,0334,0334,0334,0334,0334,0334,0343,0334,0334,0343,0334,0334,0343,0334,0334,0343,0335,0335,0335,0335,0335,0335,0335,0335,0351,0351,0330,0335,0335,0333,0333,0337,0337,0336,0332,0337,0342,0336,0333,0337,
01045:0336,0333,0330,0336,0332,0330,0335,0335,0366,0335,0332,0332,0331,0367,0335,0335,0366,0335,0335,0334,0332,0331,0331,0334,0336,0331,0337,0367,0336,0335,0335,0366,0332,0332,0334,0333,0337,0336,0334,0334,0367,0337,0335,0335,0201,0336,0342,0335,0335,0331,0331,0333,0333,0333,0333,0337,0337,0337,
01046:0333,0336,0332,0330,0336,0330,0341,0331,0334,0350,0334,0342,0334,0330,0343,0335,0335,0343,0334,0334,0334,0334,0334,0334,0351,0333,0350,0334,0342,0335,0335,0335,0335,0342,0334,0334,0336,0342,0334,0351,0331,0331,0333,0333,0337,0337,0337,
01047:0333,0336,0330,0332,0336,0330,0342,0333,0333,0331,0331,0331,0337,0337,
01050:0333,0336,0330,0334,0331,0331,0337,0337,0350,0350,0350,0343,0350,0334,0334,0343,0335,0335,0335,0335,0335,0343,0334,0334,0334,0351,0351,0351,0351,0336,0330,0335,0336,0332,0331,0337,
01051:0333,0336,0330,0335,0337,0331,0331,0337,0350,0350,0350,0343,0350,0334,0334,0343,0335,0335,0335,0335,0343,0334,0334,0351,0351,0351,0351,0330,0335,0335,0335,0336,0336,0331,0336,0333,0337,0337,
01052:0333,0336,0332,0330,0352,0342,0335,0335,0342,0335,0335,0342,0335,0335,0342,0335,0335,0342,0335,0335,0342,0335,0335,0353,0331,0333,0337,
01053:0333,0336,0330,0332,0336,0342,0335,0342,0335,0342,0335,0342,0335,0331,0331,0333,0333,0337,0337,
01054:0333,0336,0332,0336,0334,0350,0334,0342,0335,0351,0335,0333,0337,0337,
01055:0333,0336,0330,0332,0335,0336,0342,0331,0342,0333,0333,0330,0330,0330,0334,0337,0337,
01056:0333,0336,0332,0336,0336,0341,0333,0333,0333,0337,0337,0337,
01057:0333,0332,0350,0335,0310,0337,0342,0336,0313,0334,0351,0333,
01060:0235,060,0336,0330,0330,0332,0336,0336,0330,0333,0337,0332,0337,0331,0331,0331,0331,0336,0330,0337,0365,0333,0330,0330,0330,0330,0332,0333,0336,0332,0336,0331,0332,0337,0337,0337,0331,0336,0333,0331,0336,0330,0337,0337,
01061:0233,061,0234,
01062:0233,062,0234,
01063:0233,063,0234,
01064:0233,064,0234,
01065:0233,065,0234,
01066:0233,066,0234,
01067:0233,067,0234,
01070:0304,0313,0336,0336,0336,0332,0332,0337,0337,0337,0333,0336,0332,0336,0330,0341,0330,0330,0341,0333,0333,0331,0331,0331,0336,0332,0337,0337,0337,
01071:0304,0313,0336,0336,0332,0337,0337,0333,0336,0336,0332,0337,0337,0342,0336,0330,0336,0330,0332,0341,0333,0333,0330,0337,0337,0331,
01072:0333,0336,0332,0330,0336,0336,0336,0341,0331,0331,0331,0331,0331,0331,0331,0341,0333,0333,0333,0333,0331,0337,0337,0337,0337,
01073:0333,0336,0332,0330,0336,0336,0336,0341,0331,0331,0331,0331,0334,0334,0337,0337,0350,0335,0342,0335,0351,0335,0331,0333,0337,0337,
01074:0333,0336,0330,0332,0350,0335,0342,0335,0335,0342,0335,0351,0330,0335,0335,0333,0337,
01075:0333,0336,0336,0332,0330,0334,0337,0342,0336,0333,0337,0342,0336,0332,0332,0335,0333,0337,0337,
01076:0333,0336,0330,0332,0350,0334,0342,0334,0334,0342,0335,0335,0335,0351,0331,0333,0337,
01077:0333,0336,0336,0332,0332,0330,0336,0331,0341,0330,0330,0342,0330,0330,0330,0343,0335,0335,0350,0334,0343,0335,0351,0330,0342,0335,0335,0337,0331,0331,0331,0336,0330,0333,0333,0333,0337,0337,0337,
01100:0333,0336,0332,0330,0336,0336,0341,0337,0343,0334,0343,0334,0334,0336,0330,0342,0331,0337,0350,0335,0335,0343,0351,0330,0330,0335,0335,0333,0333,0337,0337,
01101:0254,
01102:0304,0313,0336,0336,0336,0333,0337,0337,0337,0342,0330,0335,0336,0336,0342,0333,0333,0342,0332,0330,0343,0333,0333,0343,0333,0331,0342,0334,0337,0333,0336,0336,0333,0337,0337,0337,0304,0313,
01103:0333,0336,0330,0332,0334,0343,0335,0335,0350,0334,0334,0343,0335,0335,0335,0335,0343,0351,0330,0335,0335,0333,0337,0304,0313,
01104:0256,
01105:0304,0313,0333,0336,0332,0336,0332,0332,0337,0337,0342,0335,0336,0342,0332,0336,0342,0337,0332,0342,0336,0331,0334,0337,0337,0333,0331,0304,0313,
01106:0253,
01107:0304,0313,0333,0336,0330,0332,0334,0343,0335,0335,0350,0334,0334,0343,0335,0335,0335,0335,0343,0351,0330,0335,0335,0333,0337,0336,0336,0332,0336,0333,0337,0342,0330,0334,0342,0335,0331,0333,0337,0337,0304,0313,
01110:0304,0313,0333,0336,0336,0332,0332,0337,0337,0342,0336,0332,0337,0342,0336,0330,0335,0342,0330,0334,0331,0336,0333,0337,0337,0304,0313,
01111:0304,0313,0333,0336,0336,0332,0332,0334,0337,0342,0336,0330,0335,0337,0337,0342,0330,0336,0336,0334,0342,0335,0335,0342,0330,0330,0334,0337,0337,0331,
01112:0304,0313,0333,0336,0330,0332,0342,0330,0335,0336,0342,0334,0334,0342,0334,0330,0330,0342,0330,0333,0343,0335,0335,0333,0331,0333,0336,0333,0337,0337,0337,
01113:0304,0313,0333,0336,0332,0332,0337,0342,0336,0330,0350,0335,0310,0337,0342,0336,0313,0335,0335,0310,0337,0342,0336,0313,0335,0351,0330,0335,0335,0333,0337,0304,0313,0336,0336,0336,0333,0337,0337,0337,
01114:0333,0336,0332,0336,0332,0337,0337,0342,0336,0335,0342,0330,0336,0330,0334,0337,0337,
01115:0304,0310,0342,0330,0335,0306,0335,0311,0336,0342,0330,0334,0334,0342,0330,0334,0334,0334,0334,0350,0335,0337,0342,0330,0304,0335,0335,0313,0336,0336,0336,0333,0337,0337,0337,
01116:0342,0330,0335,0306,0335,0313,0337,0312,0336,0342,0330,0334,0334,0350,0334,0337,0313,0336,0304,0342,0336,0336,0336,0333,0337,0337,0337,
01117:0333,0336,0330,0332,0341,0331,0333,0337,
01120:0333,0332,0336,0336,0333,0337,0337,0342,0336,0330,0336,0330,0333,0341,0333,0333,0330,0337,0337,0331,
01121:0333,0336,0330,0332,0341,0335,0335,0336,0330,0332,0350,0334,0337,0342,0334,0351,0334,0333,0331,0336,0330,0337,0337,
01122:0304,0313,0336,0336,0336,0333,0337,0337,0337,0342,0330,0335,0336,0336,0342,0333,0333,0342,0332,0330,0343,0333,0335,0337,0306,0350,0334,0337,0312,0336,0342,0337,0313,0336,0335,0330,0304,0334,0334,0333,0336,0336,0336,0332,0337,0337,0337,0337,
01123:0255,
01124:0333,0336,0332,0337,0342,0330,0336,0335,0342,0331,0342,0330,0330,0334,0337,0331,
01125:0333,0336,0336,0330,0332,0337,0342,0330,0336,0342,0331,0331,0332,0332,0342,0330,0342,0330,0342,0331,0331,0333,0335,0335,0343,0330,0335,0335,0337,0333,0337,
01126:0333,0336,0332,0350,0350,0335,0337,0342,0334,0334,0342,0335,0335,0334,0351,0351,0336,0333,0337,
01127:0336,0336,0336,0333,0333,0337,0337,0337,0304,0313,0350,0350,0350,0334,0342,0335,0335,0336,0342,0330,0304,0335,0350,0350,0335,0335,0335,0342,0330,0304,0334,0350,0334,0350,0334,0337,0342,0334,0350,0335,0304,0336,0336,0333,0336,0333,0337,0337,0337,
01130:0313,0306,0350,0337,0312,0336,0335,0342,0334,0304,0337,0313,0336,0330,0335,0306,0335,0337,0312,0336,0342,0330,0334,0304,0334,0337,0313,0336,0336,0336,0336,0333,0337,0337,0337,
01131:0304,0313,0336,0336,0336,0332,0337,0337,0337,0336,0333,0342,0330,0306,0350,0334,0337,0312,0336,0342,0335,0335,0342,0337,0313,0336,0334,0304,0331,0333,0337,0336,0336,0336,0332,0337,0337,0337,
01132:0304,0335,0312,0336,0342,0337,0332,0336,0342,0337,0333,0306,0336,0334,0313,0337,0342,0335,0304,0336,0330,0334,0312,0337,0313,0336,0336,0336,0333,0337,0337,0337,
01133:0333,0336,0336,0332,0332,0337,0337,0342,0330,0335,0336,0336,0342,0337,0337,0333,0336,0336,0342,0330,0330,0334,0337,0337,
01134:0333,0336,0336,0332,0337,0337,0350,0350,0334,0342,0335,0351,0351,0336,0336,0333,0337,0337,
01135:0333,0336,0336,0332,0337,0337,0342,0336,0336,0334,0342,0333,0333,0333,0333,0342,0335,0333,0337,0337,0331,
01136:0333,0330,0336,0332,0334,0334,0350,0335,0342,0334,0334,0342,0334,0351,0334,0333,0337,0331,
01137:0333,0334,0336,0336,0330,0337,0342,0336,0331,0335,0337,0337,
01140:0333,0336,0332,0330,0336,0330,0350,0334,0342,0335,0351,0330,0333,0333,0337,0337,0331,
01141:0257,
01142:0304,0313,0336,0336,0332,0337,0337,0333,0336,0336,0332,0332,0332,0337,0337,0342,0336,0336,0330,0333,0341,0333,0333,0331,0337,0337,0336,0336,0336,0332,0337,0337,0337,0304,0313,
01143:0336,0333,0336,0333,0337,0337,0231,0336,0331,0336,0336,0332,0337,0337,0143,0365,0336,0336,0333,0337,0337,0330,0333,0336,0333,0337,0337,
01144:0261,
01145:0251,
01146:0262,
01147:0263,
01150:0264,
01151:0242,
01152:0265,
01153:0266,
01154:0304,0313,0336,0336,0336,0332,0337,0337,0337,0333,0336,0336,0332,0332,0332,0336,0336,0350,0335,0342,0334,0337,0337,0337,0342,0330,0336,0342,0330,0334,0334,0334,0336,0342,0335,0351,0335,0337,0331,0331,0331,0333,0337,0337,
01155:0304,0313,0333,0336,0332,0336,0332,0336,0332,0332,0337,0337,0342,0336,0333,0330,0336,0332,0343,0333,0333,0343,0332,0331,0342,0331,0342,0337,0333,0342,0333,0337,0337,
01156:0304,0313,0333,0336,0332,0336,0332,0336,0332,0332,0337,0337,0342,0336,0333,0330,0336,0332,0343,0333,0331,0331,0337,0342,0333,0337,0337,
01157:0304,0313,0333,0336,0332,0336,0332,0330,0341,0333,0333,0331,0337,0337,
01160:0304,0313,0336,0336,0332,0337,0337,0333,0336,0332,0336,0332,0342,0335,0335,0337,0342,0336,0331,0332,0341,0333,0334,0334,0342,0331,0333,0333,0333,0337,0337,
01161:0250,
01162:0252,
01163:0260,
01164:0267,
01165:0241,
01166:0336,0333,0336,0333,0337,0337,0232,0336,0331,0336,0336,0332,0337,0337,0166,0365,0336,0336,0333,0337,0337,0330,0333,0336,0333,0337,0337,
01167:0247,
01170:0336,0333,0336,0333,0337,0337,0230,0336,0331,0336,0336,0332,0337,0337,0170,0365,0336,0336,0333,0337,0337,0330,0333,0336,0333,0337,0337,
01171:0270,
01172:0336,0333,0336,0333,0330,0330,0337,0337,0227,0336,0331,0331,0336,0336,0332,0337,0337,0172,0365,0336,0336,0333,0337,0337,0330,0333,0336,0333,0337,0337,
01173:0333,0336,0330,0332,0336,0336,0330,0334,0350,0334,0342,0335,0335,0335,0342,0330,0335,0342,0334,0331,0331,0331,0334,0342,0335,0331,0342,0335,0335,0335,0342,0335,0351,0335,0335,0331,0331,0333,0333,0337,0337,0337,
01174:0333,0336,0332,0337,0342,0330,0336,0336,0342,0337,0337,0331,0336,0336,0331,0342,0330,0333,0337,0337,
01175:0333,0336,0336,0332,0332,0330,0330,0336,0330,0342,0330,0350,0334,0342,0335,0331,0335,0335,0335,0342,0335,0330,0330,0334,0334,0334,0342,0335,0335,0335,0342,0330,0335,0342,0334,0351,0330,0330,0335,0335,0333,0333,0333,0337,0337,0337,
01176:0330,0336,0336,0336,0331,0331,0333,0333,0341,0331,0331,0331,0331,0331,0331,0333,0333,0333,0333,0337,0337,0337,
01040:0333,
01041:0333,0336,0336,0332,0332,0332,0330,0336,0331,0336,0341,0330,0330,0330,0337,0337,0337,0342,0336,0336,0336,0331,0331,0331,0331,0331,0337,0337,0333,0337,0337,
01042:0333,0330,0336,0332,0336,0332,0331,0342,0333,0342,0333,0330,0337,0337,0331,
01043:0333,0336,0336,0332,0332,0332,0333,0336,0332,0337,0337,0337,0342,0336,0336,0333,0337,0337,0342,0336,0336,0332,0332,0336,0332,0330,0330,0330,0335,0337,0337,0337,0342,0336,0336,0336,0332,0332,0337,0337,0337,0342,0336,0336,0336,0332,0332,0332,0337,0337,0337,0330,0334,0331,
01044:0333,0336,0330,0332,0336,0330,0350,0335,0335,0334,0350,0343,0334,0334,0343,0334,0334,0343,0334,0334,0343,0334,0334,0343,0334,0334,0330,0330,0343,0335,0335,0343,0335,0335,0334,0334,0334,0334,0334,0334,0343,0334,0334,0343,0334,0334,0343,0334,0334,0343,0335,0335,0335,0335,0335,0335,0335,0335,0351,0351,0330,0335,0335,0333,0333,0337,0337,0336,0332,0337,0342,0336,0333,0337,
01045:0336,0333,0330,0336,0332,0330,0335,0335,0366,0335,0332,0332,0331,0367,0335,0335,0366,0335,0335,0334,0332,0331,0331,0334,0336,0331,0337,0367,0336,0335,0335,0366,0332,0332,0334,0333,0337,0336,0334,0334,0367,0337,0335,0335,0201,0336,0342,0335,0335,0331,0331,0333,0333,0333,0333,0337,0337,0337,
01046:0333,0336,0332,0330,0336,0330,0341,0331,0334,0350,0334,0342,0334,0330,0343,0335,0335,0343,0334,0334,0334,0334,0334,0334,0351,0333,0350,0334,0342,0335,0335,0335,0335,0342,0334,0334,0336,0342,0334,0351,0331,0331,0333,0333,0337,0337,0337,
01047:0333,0336,0330,0332,0336,0330,0342,0333,0333,0331,0331,0331,0337,0337,
01050:0333,0336,0330,0334,0331,0331,0337,0337,0350,0350,0350,0343,0350,0334,0334,0343,0335,0335,0335,0335,0335,0343,0334,0334,0334,0351,0351,0351,0351,0336,0330,0335,0336,0332,0331,0337,
01051:0333,0336,0330,0335,0337,0331,0331,0337,0350,0350,0350,0343,0350,0334,0334,0343,0335,0335,0335,0335,0343,0334,0334,0351,0351,0351,0351,0330,0335,0335,0335,0336,0336,0331,0336,0333,0337,0337,
01052:0333,0336,0332,0330,0352,0342,0335,0335,0342,0335,0335,0342,0335,0335,0342,0335,0335,0342,0335,0335,0342,0335,0335,0353,0331,0333,0337,
01053:0333,0336,0330,0332,0336,0342,0335,0342,0335,0342,0335,0342,0335,0331,0331,0333,0333,0337,0337,
01054:0333,0336,0332,0336,0334,0350,0334,0342,0335,0351,0335,0333,0337,0337,
01055:0333,0336,0330,0332,0335,0336,0342,0331,0342,0333,0333,0330,0330,0330,0334,0337,0337,
01056:0333,0336,0332,0336,0336,0341,0333,0333,0333,0337,0337,0337,
01057:0333,0332,0350,0335,0310,0337,0342,0336,0313,0334,0351,0333,
01060:0313,0304,0336,0336,0330,0333,0330,0330,0343,0331,0331,0334,0334,0343,0332,0334,0334,0337,0342,0332,0342,0336,0331,0337,0337,0350,0350,0335,0350,0350,0335,0350,0334,0311,0337,0310,0336,0342,0337,0311,0336,0335,0351,0334,0351,0351,0334,0304,0333,0336,0336,0332,0337,0337,0313,
01061:0245,0256,061,0246,
01062:0245,062,0253,0246,
01063:0245,0254,063,0246,
01064:0245,064,0255,0246,
01065:0245,065,0247,0246,
01066:0245,0250,066,0246,
01067:0245,067,0251,0246,
01070:0245,0252,070,0246,
01071:0304,0313,0336,0336,0332,0337,0337,0333,0336,0336,0332,0337,0337,0342,0336,0330,0336,0330,0332,0341,0333,0333,0330,0337,0337,0331,
01072:0333,0336,0332,0330,0336,0336,0336,0341,0331,0331,0331,0331,0331,0331,0331,0341,0333,0333,0333,0333,0331,0337,0337,0337,0337,
01073:0333,0336,0332,0330,0336,0336,0336,0341,0331,0331,0331,0331,0334,0334,0337,0337,0350,0335,0342,0335,0351,0335,0331,0333,0337,0337,
01074:0333,0336,0330,0332,0350,0335,0342,0335,0335,0342,0335,0351,0330,0335,0335,0333,0337,
01075:0333,0336,0336,0332,0330,0334,0337,0342,0336,0333,0337,0342,0336,0332,0332,0335,0333,0337,0337,
01076:0333,0336,0330,0332,0350,0334,0342,0334,0334,0342,0335,0335,0335,0351,0331,0333,0337,
01077:0333,0336,0336,0332,0332,0330,0336,0331,0341,0330,0330,0342,0330,0330,0330,0343,0335,0335,0350,0334,0343,0335,0351,0330,0342,0335,0335,0337,0331,0331,0331,0336,0330,0333,0333,0333,0337,0337,0337,
01100:0333,0336,0332,0330,0336,0336,0341,0337,0343,0334,0343,0334,0334,0336,0330,0342,0331,0337,0350,0335,0335,0343,0351,0330,0330,0335,0335,0333,0333,0337,0337,
01101:0304,0313,0311,0305,0350,0350,0335,0342,0351,0335,0336,0333,0334,0334,0337,0342,0336,0336,0330,0334,0334,0342,0335,0335,0331,0350,0335,0337,0337,0304,0313,0336,0336,0336,0333,0337,0337,0337,
01102:0304,0313,0336,0336,0336,0333,0337,0337,0337,0342,0330,0335,0336,0336,0342,0333,0333,0342,0332,0330,0343,0333,0333,0343,0333,0331,0342,0334,0337,0333,0336,0336,0333,0337,0337,0337,0304,0313,
01103:0333,0336,0330,0332,0334,0343,0335,0335,0350,0334,0334,0343,0335,0335,0335,0335,0343,0351,0330,0335,0335,0333,0337,0304,0313,
01104:0333,0332,0342,0336,0330,0350,0335,0343,0335,0335,0343,0335,0351,0330,0335,0335,0336,0333,0337,0333,0337,0304,0313,
01105:0304,0313,0333,0336,0332,0336,0332,0332,0337,0337,0342,0335,0336,0342,0332,0336,0342,0337,0332,0342,0336,0331,0334,0337,0337,0333,0331,0304,0313,
01106:0304,0313,0333,0336,0332,0336,0332,0332,0337,0337,0342,0335,0336,0332,0336,0342,0337,0332,0342,0336,0331,0334,0337,0337,0333,0331,0304,0313,
01107:0304,0313,0333,0336,0330,0332,0334,0343,0335,0335,0350,0334,0334,0343,0335,0335,0335,0335,0343,0351,0330,0335,0335,0333,0337,0336,0336,0332,0336,0333,0337,0342,0330,0334,0342,0335,0331,0333,0337,0337,0304,0313,
01110:0304,0313,0333,0336,0336,0332,0332,0337,0337,0342,0336,0332,0337,0342,0336,0330,0335,0342,0330,0334,0331,0336,0333,0337,0337,0304,0313,
01111:0304,0313,0333,0336,0336,0332,0332,0334,0337,0342,0336,0330,0335,0337,0337,0342,0330,0336,0336,0334,0342,0335,0335,0342,0330,0330,0334,0337,0337,0331,
01112:0304,0313,0333,0336,0330,0332,0342,0330,0335,0336,0342,0334,0334,0342,0334,0330,0330,0342,0330,0333,0343,0335,0335,0333,0331,0333,0336,0333,0337,0337,0337,
01113:0304,0313,0333,0336,0332,0332,0337,0342,0336,0330,0350,0335,0310,0337,0342,0336,0313,0335,0335,0310,0337,0342,0336,0313,0335,0351,0330,0335,0335,0333,0337,0304,0313,0336,0336,0336,0333,0337,0337,0337,
01114:0333,0336,0332,0336,0332,0337,0337,0342,0336,0335,0342,0330,0336,0330,0334,0337,0337,
01115:0304,0310,0342,0330,0335,0306,0335,0311,0336,0342,0330,0334,0334,0342,0330,0334,0334,0334,0334,0350,0335,0337,0342,0330,0304,0335,0335,0313,0336,0336,0336,0333,0337,0337,0337,
01116:0342,0330,0335,0306,0335,0313,0337,0312,0336,0342,0330,0334,0334,0350,0334,0337,0313,0336,0304,0342,0336,0336,0336,0333,0337,0337,0337,
01117:0333,0336,0330,0332,0341,0331,0333,0337,
01120:0333,0332,0336,0336,0333,0337,0337,0342,0336,0330,0336,0330,0333,0341,0333,0333,0330,0337,0337,0331,
01121:0333,0336,0330,0332,0341,0335,0335,0336,0330,0332,0350,0334,0337,0342,0334,0351,0334,0333,0331,0336,0330,0337,0337,
01122:0304,0313,0336,0336,0336,0333,0337,0337,0337,0342,0330,0335,0336,0336,0342,0333,0333,0342,0332,0330,0343,0333,0335,0337,0306,0350,0334,0337,0312,0336,0342,0337,0313,0336,0335,0330,0304,0334,0334,0333,0336,0336,0336,0332,0337,0337,0337,0337,
01123:0313,0304,0336,0336,0332,0337,0337,0336,0330,0333,0336,0330,0343,0334,0350,0334,0343,0332,0332,0334,0334,0334,0334,0343,0335,0335,0335,0351,0343,0335,0335,0333,0331,0333,0337,0337,
01124:0333,0336,0332,0337,0342,0330,0336,0335,0342,0331,0342,0330,0330,0334,0337,0331,
01125:0333,0336,0336,0330,0332,0337,0342,0330,0336,0342,0331,0331,0332,0332,0342,0330,0342,0330,0342,0331,0331,0333,0335,0335,0343,0330,0335,0335,0337,0333,0337,
01126:0333,0336,0332,0350,0350,0335,0337,0342,0334,0334,0342,0335,0335,0334,0351,0351,0336,0333,0337,
01127:0336,0336,0336,0333,0333,0337,0337,0337,0304,0313,0350,0350,0350,0334,0342,0335,0335,0336,0342,0330,0304,0335,0350,0350,0335,0335,0335,0342,0330,0304,0334,0350,0334,0350,0334,0337,0342,0334,0350,0335,0304,0336,0336,0333,0336,0333,0337,0337,0337,
01130:0313,0306,0350,0337,0312,0336,0335,0342,0334,0304,0337,0313,0336,0330,0335,0306,0335,0337,0312,0336,0342,0330,0334,0304,0334,0337,0313,0336,0336,0336,0336,0333,0337,0337,0337,
01131:0304,0313,0336,0336,0336,0332,0337,0337,0337,0336,0333,0342,0330,0306,0350,0334,0337,0312,0336,0342,0335,0335,0342,0337,0313,0336,0334,0304,0331,0333,0337,0336,0336,0336,0332,0337,0337,0337,
01132:0304,0335,0312,0336,0342,0337,0332,0336,0342,0337,0333,0306,0336,0334,0313,0337,0342,0335,0304,0336,0330,0334,0312,0337,0313,0336,0336,0336,0333,0337,0337,0337,
01133:0333,0336,0336,0332,0332,0337,0337,0342,0330,0335,0336,0336,0342,0337,0337,0333,0336,0336,0342,0330,0330,0334,0337,0337,
01134:0333,0336,0336,0332,0337,0337,0350,0350,0334,0342,0335,0351,0351,0336,0336,0333,0337,0337,
01135:0333,0336,0336,0332,0337,0337,0342,0336,0336,0334,0342,0333,0333,0333,0333,0342,0335,0333,0337,0337,0331,
01136:0333,0330,0336,0332,0334,0334,0350,0335,0342,0334,0334,0342,0334,0351,0334,0333,0337,0331,
01137:0333,0334,0336,0336,0330,0337,0342,0336,0331,0335,0337,0337,
01140:0333,0336,0332,0330,0336,0330,0350,0334,0342,0335,0351,0330,0333,0333,0337,0337,0331,
01141:0245,0141,0231,0246,
01142:0304,0313,0336,0336,0332,0337,0337,0333,0336,0336,0332,0332,0332,0337,0337,0342,0336,0336,0330,0333,0341,0333,0333,0331,0337,0337,0336,0336,0336,0332,0337,0337,0337,0304,0313,
01143:0304,0313,0336,0336,0332,0337,0337,0333,0336,0332,0336,0330,0350,0343,0334,0334,0343,0334,0334,0343,0334,0334,0330,0330,0334,0334,0351,0331,0336,0332,0337,0337,0337,
01144:0245,0233,0144,0246,
01145:0245,0242,0145,0246,
01146:0245,0234,0146,0246,
01147:0245,0235,0147,0246,
01150:0245,0236,0150,0246,
01151:0333,0336,0336,0332,0332,0332,0342,0330,0336,0342,0330,0330,0330,0336,0341,0331,0331,0331,0331,0331,0331,0331,0331,0331,0331,0337,0333,0333,0337,0337,0337,
01152:0245,0237,0152,0246,
01153:0245,0240,0153,0246,
01154:0304,0313,0336,0336,0336,0332,0337,0337,0337,0333,0336,0336,0332,0332,0332,0336,0336,0350,0335,0342,0334,0337,0337,0337,0342,0330,0336,0342,0330,0334,0334,0334,0336,0342,0335,0351,0335,0337,0331,0331,0331,0333,0337,0337,
01155:0304,0313,0333,0336,0332,0336,0332,0336,0332,0332,0337,0337,0342,0336,0333,0330,0336,0332,0343,0333,0333,0343,0332,0331,0342,0331,0342,0337,0333,0342,0333,0337,0337,
01156:0304,0313,0333,0336,0332,0336,0332,0336,0332,0332,0337,0337,0342,0336,0333,0330,0336,0332,0343,0333,0331,0331,0337,0342,0333,0337,0337,
01157:0304,0313,0333,0336,0332,0336,0332,0330,0341,0333,0333,0331,0337,0337,
01160:0304,0313,0336,0336,0332,0337,0337,0333,0336,0332,0336,0332,0342,0335,0335,0337,0342,0336,0331,0332,0341,0333,0334,0334,0342,0331,0333,0333,0333,0337,0337,
01161:0245,0161,0244,0246,
01162:0245,0243,0162,0246,
01163:0245,0232,0163,0246,
01164:0304,0313,0333,0336,0332,0342,0330,0336,0342,0334,0342,0335,0335,0342,0333,0333,0336,0330,0335,0343,0335,0335,0333,0333,0333,0337,0337,0337,
01165:0304,0313,0336,0336,0330,0342,0333,0334,0334,0343,0332,0334,0334,0342,0334,0334,0342,0330,0335,0335,0336,0333,0337,0337,0337,
01166:0304,0313,0336,0336,0332,0337,0337,0333,0336,0332,0350,0350,0334,0342,0335,0335,0342,0334,0351,0351,0333,0337,0336,0336,0336,0332,0337,0337,0337,
01167:0245,0241,0167,0246,
01170:0304,0313,0336,0306,0350,0335,0342,0351,0336,0333,0334,0337,0342,0350,0335,0304,0336,0336,0333,0337,0337,0337,
01171:0304,0313,0336,0336,0332,0337,0337,0333,0336,0332,0336,0350,0335,0337,0350,0334,0342,0334,0334,0342,0334,0334,0334,0334,0334,0334,0342,0334,0351,0351,0335,0335,0333,0337,0336,0336,0336,0332,0337,0337,0337,
01172:0304,0313,0336,0350,0335,0310,0337,0342,0330,0334,0334,0334,0336,0342,0334,0337,0330,0334,0334,0334,0336,0342,0330,0334,0334,0304,0313,0337,0336,0336,0336,0333,0337,0337,0337,
01173:0333,0336,0330,0332,0336,0336,0330,0334,0350,0334,0342,0335,0335,0335,0342,0330,0335,0342,0334,0331,0331,0331,0334,0342,0335,0331,0342,0335,0335,0335,0342,0335,0351,0335,0335,0331,0331,0333,0333,0337,0337,0337,
01174:0333,0336,0332,0337,0342,0330,0336,0336,0342,0337,0337,0331,0336,0336,0331,0342,0330,0333,0337,0337,
01175:0333,0336,0336,0332,0332,0330,0330,0336,0330,0342,0330,0350,0334,0342,0335,0331,0335,0335,0335,0342,0335,0330,0330,0334,0334,0334,0342,0335,0335,0335,0342,0330,0335,0342,0334,0351,0330,0330,0335,0335,0333,0333,0333,0337,0337,0337,
01176:0330,0336,0336,0336,0331,0331,0333,0333,0341,0331,0331,0331,0331,0331,0331,0333,0333,0333,0333,0337,0337,0337,