0220:0322,0335,0306,0362,0203,0334,0334,0203,0334,0334,0203,0363,0334,0334,0320,0362,0203,0334,0334,0203,0334,0334,0203,0354,0334,0334,0304,0334,
0221:0210,0210,0336,0336,0336,0336,0336,0330,0330,0330,0330,0330,0333,0333,0333,0333,0333,0337,0337,0337,0337,0337,0333,0326,0204,0320,0200,0332,0336,0336,0336,0336,0336,0331,0331,0331,0331,0331,0332,0332,0332,0332,0332,0337,0337,0337,0337,0337,0211,0211,
0222:0336,0336,0335,0362,0203,0334,0203,0335,0203,0334,0350,0334,0310,0337,0203,0203,0334,0334,0203,0203,0334,0334,0334,0336,0203,0335,0335,0203,0334,0334,0203,0363,0304,0334,0313,0337,0337,
0223:0335,0335,0331,0222,0335,0335,0331,
0224:0336,0333,0337,0200,0330,0336,0336,0332,0342,0332,0332,0342,0330,0335,0331,0337,0337,0342,0334,0331,0336,0333,0336,0331,0337,0337,
0225:0224,0336,0332,0337,0220,0336,0333,0337,
0226:0224,0336,0332,0337,0221,0336,0333,0337,
0227:0336,0336,0336,0330,0337,0330,0334,0336,0336,0333,0337,0337,0362,0203,0334,0336,0203,0334,0337,0203,0203,0334,0336,0203,0334,0337,0203,0363,0335,0331,0336,0336,0331,0337,0337,0337,0336,0336,0331,0337,0337,0335,0336,0362,0203,0336,0203,0334,0337,0203,0203,0203,0334,0203,0203,0203,0334,0203,0203,0203,0334,0203,0336,0203,0334,0354,0337,0337,0337,
0230:0227,0336,0336,0336,0330,0334,0336,0362,0203,0335,0337,0337,0203,0203,0335,0336,0203,0335,0337,0203,0203,0335,0336,0336,0203,0363,0335,0337,0331,0337,0337,0337,
0231:0225,0330,0336,0330,0222,0331,0331,0331,0337,
0232:0225,0330,0336,0330,0223,0331,0331,0331,0337,
0233:0226,0330,0336,0330,0222,0331,0331,0331,0337,
0234:0226,0330,0336,0330,0223,0331,0331,0331,0337,
0235:0225,0330,0336,0330,0227,0331,0331,0331,0337,
0236:0225,0330,0336,0330,0230,0331,0331,0331,0337,
0237:0226,0330,0336,0330,0227,0331,0331,0331,0337,
0240:0226,0330,0336,0330,0230,0331,0331,0331,0337,
0241:0336,0330,0334,0336,0336,0336,0333,0337,0337,0362,0203,0336,0203,0335,0203,0334,0203,0334,0203,0203,0203,0334,0203,0334,0203,0335,0203,0203,0203,0203,0203,0203,0335,0203,0334,0203,0334,0203,0203,0203,0334,0203,0334,0203,0335,0203,0203,0203,0363,0335,0331,0331,0331,0331,0337,0336,0336,0331,0337,0337,0337,0337,
0242:0241,0330,0336,0227,0331,0331,0337,
0243:0241,0330,0336,0230,0331,0331,0337,
0244:0336,0330,0336,0336,0347,0337,0330,0342,0331,0335,0330,0342,0331,0334,0334,0330,0342,0331,0334,0330,0342,0335,0335,0331,0337,0337,
0245:0336,0336,0333,0333,0333,0337,0337,
0246:0336,0333,0336,0333,0337,0332,0332,0336,0331,0331,0336,0333,0337,0337,0365,0336,0336,0332,0337,0337,0330,0336,0337,0337,0333,
0247:0336,0332,0330,0336,0330,0337,0337,0335,0362,0305,0203,0335,0335,0203,0335,0335,0203,0335,0335,0203,0335,0335,0203,0354,0335,0335,0304,0334,0331,0336,0333,0336,0330,0337,0337,
0250:0335,0336,0332,0332,0331,0337,0306,0362,0203,0335,0335,0203,0335,0335,0203,0335,0335,0354,0314,0336,0330,0334,0330,0335,0335,0337,0362,0203,0335,0335,0203,0335,0335,0203,0354,0336,0331,0335,0331,0304,0334,0335,0337,0334,0313,0336,0333,0337,0331,
0251:0336,0336,0330,0330,0330,0337,0335,0331,0337,0307,0362,0203,0335,0335,0335,0203,0335,0335,0335,0203,0335,0335,0335,0203,0335,0335,0335,0203,0335,0335,0335,0203,0335,0335,0335,0203,0354,0335,0335,0335,0304,0334,0336,0333,0336,0331,0331,0331,0337,0337,
0252:0336,0336,0330,0337,0333,0337,0200,0336,0330,0332,0310,0337,0330,0335,0350,0335,0337,0362,0203,0335,0335,0203,0335,0335,0203,0335,0335,0203,0354,0334,0336,0331,0336,0313,0304,0333,0331,0337,0336,0332,0336,0331,0337,0337,
0253:0336,0330,0336,0332,0336,0347,0333,0333,0333,0333,0347,0332,0332,0331,0331,0331,0331,0337,0337,0337,
0254:0336,0330,0336,0332,0336,0331,0331,0347,0333,0333,0333,0333,0347,0332,0332,0330,0330,0330,0347,0331,0331,0331,0331,0331,0337,0337,0337,
0255:0336,0330,0336,0332,0336,0331,0331,0347,0333,0333,0333,0333,0347,0332,0332,0330,0330,0330,0330,0332,0332,0347,0333,0333,0333,0333,0347,0331,0331,0331,0331,0332,0332,0331,0331,0337,0337,0337,
0256:0336,0330,0336,0336,0347,0337,0337,0331,0337,
01220:0333,0200,0336,0332,0332,0337,0220,0333,
01221:0333,0200,0332,0336,0333,0337,0332,0336,0333,0337,0221,0333,
01222:0333,0200,0336,0330,0332,0222,0333,0331,0337,
01223:0333,0200,0336,0330,0332,0331,0223,0333,0337,
01224:0333,0200,0336,0332,0336,0330,0337,0224,0333,0336,0331,0337,0337,
01225:0333,0200,0336,0332,0336,0330,0337,0225,0333,0331,0336,0330,0337,0337,
01226:0333,0200,0336,0330,0336,0331,0332,0332,0337,0226,0333,0331,0336,0330,0337,0337,
01227:0333,0200,0336,0330,0332,0336,0331,0337,0227,0333,0331,0336,0330,0337,0337,
01230:0333,0200,0336,0330,0332,0336,0331,0337,0230,0333,0336,0331,0337,0337,
01231:0333,0200,0336,0332,0231,0333,0337,
01232:0333,0200,0336,0332,0232,0333,0337,
01233:0333,0200,0336,0332,0233,0333,0337,
01234:0333,0200,0336,0332,0234,0333,0337,
01235:0333,0200,0336,0332,0235,0333,0337,
01236:0333,0200,0336,0332,0236,0333,0337,
01237:0333,0200,0336,0332,0237,0333,0337,
01240:0333,0200,0336,0332,0240,0333,0337,
01241:0333,0200,0336,0332,0336,0330,0337,0241,0333,0336,0331,0337,0337,
01242:0333,0200,0336,0332,0242,0333,0337,
01243:0333,0200,0336,0332,0243,0333,0337,
01244:0333,0200,0336,0332,0336,0330,0337,0244,0333,0336,0331,0337,0337,
01245:0333,0200,0336,0332,0336,0331,0334,0362,0203,0335,0203,0203,0203,0203,0203,0203,0335,0203,0203,0335,0203,0203,0203,0203,0203,0203,0335,0203,0354,0335,0330,0330,0330,0332,0332,0335,0222,0334,0331,0331,0333,0333,0333,0333,0337,0337,
01246:0333,0200,0336,0332,0336,0331,0334,0362,0203,0335,0203,0203,0203,0203,0203,0203,0335,0203,0203,0335,0203,0203,0203,0203,0203,0203,0335,0203,0354,0335,0330,0330,0330,0335,0330,0222,0334,0331,0331,0333,0337,0337,
01247:0333,0200,0336,0332,0337,0247,0336,0333,0337,
01250:0333,0200,0336,0332,0337,0250,0336,0333,0337,
01251:0333,0200,0336,0332,0337,0251,0336,0333,0337,
01252:0333,0200,0336,0332,0337,0252,0336,0333,0337,
